1
2
4
6
7
8
9
10
11
12
13
14
15
16
18
19
20
21
22
24
25
26
27
28
30
31
32
33
34
35
36
37
38
39
40
41
42
43
44
45
46
47
48
49
50
51
53
54
56
57
99
100
104
113
134
140
194
195
196
197
198
199
200
201
203
204
205
206
207
208
209
210
214
215
216
217
221
222
223
224
225
226
227
228
229
230
231
232
233
234
235
236
248
249
250
270
271
303
311
323
327
328
336
337
347
348
354
355
356
358
359
360
362
364
365
367
368
369
370
371
372
373
375
759
761
799
801
802
810
811
823
825
827
829
830
832
833
835
836
837
840
847
858
875
898
910
927
928
953
955
957
963
970
1002
1007
1022
1027
1029
1033
1034
1049
1052
1055
1057
1069
1070
1071
1077
1078
1080
1082
1083
1084
1088
1089
1090
1092
1094
1097
1098
1104
1105
1113
1125
1216
1262
1265
1267
1856
1862
1863
1876
1880
1882
1896
1899
1976
1985
1990
1992
2017
2032
2037
2041
2081
2085
2087
2089
2104
2115
2118
2122
2126
2130
2161
2166
2171
2175
2184
2185
2186
2190
2194
2202
2207
2210
2213
2222
2223
2224
2226
2231
2234
2238
2241
2258
2277
2281
2283
2297
2300
2311
2330
2339
2354
2363
2499
2505
2506
2545
2546
2549
2665
2708
2951
3647
3652
3658
3659
3660
3661
3662
3663
3997
4040
4681
5667
5678
5708
5722
5794
5810
5866
5884
5958
5993
6028
6029
6030
6031
6059
6071
6074
6151
6155
6156
6157
1
2
4
6
7
8
9
10
11
12
13
14
15
16
18
19
20
21
22
24
25
26
27
28
30
31
32
33
34
38
39
40
41
42
43
44
45
46
47
48
49
50
51
54
56
57
99
100
104
113
134
194
195
196
197
198
199
200
201
203
204
205
206
207
208
209
210
215
217
221
222
223
224
225
226
227
228
229
230
231
232
233
234
235
236
248
249
250
270
271
303
327
328
336
337
347
348
354
355
356
358
359
360
362
364
365
367
368
369
370
371
372
373
759
761
799
801
802
810
811
823
825
827
829
830
832
833
835
836
837
840
847
875
898
910
927
928
953
955
957
963
970
1002
1007
1022
1027
1029
1033
1034
1049
1052
1055
1057
1069
1070
1071
1077
1078
1080
1082
1083
1084
1088
1089
1090
1092
1094
1097
1098
1104
1105
1113
1125
1216
1262
1265
1267
1856
1862
1863
1876
1880
1882
1896
1899
1976
1985
1990
1992
2017
2032
2037
2041
2081
2085
2087
2089
2104
2115
2118
2122
2126
2130
2161
2166
2171
2175
2184
2185
2186
2190
2194
2202
2207
2210
2213
2222
2223
2224
2226
2231
2234
2238
2241
2258
2277
2281
2283
2297
2300
2311
2330
2339
2354
2363
2499
2505
2506
2545
2546
2549
2665
2708
2951
3647
3652
3658
3659
3660
3661
3662
3663
3997
4040
4681
5667
5678
5708
5722
5794
5810
5866
5993
6071
6074
6263
6278
6312
6486
6493
6777
6817
6819
6837
6966
7031
7050
7231
7270
7273
7291
7309
7359
7379
7397
7398
7518
7554
7580
7644
7690
7755
7874
8004
8069
8169
8207
8210
8249
8290
8346
8385
8386
8405
8462
8577
8721
8722
